
Round: 0
00000000
00000000
00000000
00000000
00000000
00000000
00000000
00000000

Valid moves for 1:
3, 3
3, 4
4, 3
4, 4

Player 1: 3, 3

After move by Player 1
00000000
00000000
00000000
00000000
00010000
00000000
00000000
00000000


Round: 1
00000000
00000000
00000000
00000000
00010000
00000000
00000000
00000000

Valid moves for 2:
3, 4
4, 3
4, 4

Player 2: 3, 4

After move by Player 2
00000000
00000000
00000000
00000000
00012000
00000000
00000000
00000000


Round: 2
00000000
00000000
00000000
00000000
00012000
00000000
00000000
00000000

Valid moves for 1:
4, 3
4, 4

Player 1: 4, 4

After move by Player 1
00000000
00000000
00000000
00001000
00012000
00000000
00000000
00000000


Round: 3
00000000
00000000
00000000
00001000
00012000
00000000
00000000
00000000

Valid moves for 2:
4, 3

Player 2: 4, 3

After move by Player 2
00000000
00000000
00000000
00021000
00012000
00000000
00000000
00000000


Round: 4
00000000
00000000
00000000
00021000
00012000
00000000
00000000
00000000

Valid moves for 1:
2, 4
3, 5
4, 2
5, 3

Player 1: 4, 2

After move by Player 1
00000000
00000000
00000000
00111000
00012000
00000000
00000000
00000000


Round: 5
00000000
00000000
00000000
00111000
00012000
00000000
00000000
00000000

Valid moves for 2:
3, 2
5, 2
5, 4

Player 2: 5, 4

After move by Player 2
00000000
00000000
00002000
00112000
00012000
00000000
00000000
00000000


Round: 6
00000000
00000000
00002000
00112000
00012000
00000000
00000000
00000000

Valid moves for 1:
2, 5
3, 5
4, 5
5, 5
6, 5

Player 1: 5, 5

After move by Player 1
00000000
00000000
00002100
00111000
00012000
00000000
00000000
00000000


Round: 7
00000000
00000000
00002100
00111000
00012000
00000000
00000000
00000000

Valid moves for 2:
3, 2
5, 2
5, 6

Player 2: 5, 6

After move by Player 2
00000000
00000000
00002220
00111000
00012000
00000000
00000000
00000000


Round: 8
00000000
00000000
00002220
00111000
00012000
00000000
00000000
00000000

Valid moves for 1:
2, 4
2, 5
3, 5
6, 4
6, 5
6, 6

Player 1: 6, 4

After move by Player 1
00000000
00001000
00001220
00111000
00012000
00000000
00000000
00000000


Round: 9
00000000
00001000
00001220
00111000
00012000
00000000
00000000
00000000

Valid moves for 2:
2, 2
3, 2
5, 2
5, 3
7, 3
7, 4

Player 2: 7, 4

After move by Player 2
00002000
00002000
00002220
00112000
00012000
00000000
00000000
00000000


Round: 10
00002000
00002000
00002220
00112000
00012000
00000000
00000000
00000000

Valid moves for 1:
2, 5
3, 5
4, 5
6, 5
6, 6

Player 1: 6, 5

After move by Player 1
00002000
00002100
00001220
00112000
00012000
00000000
00000000
00000000


Round: 11
00002000
00002100
00001220
00112000
00012000
00000000
00000000
00000000

Valid moves for 2:
2, 2
3, 2
4, 1
5, 2
5, 3
6, 6
7, 5

Player 2: 7, 5

After move by Player 2
00002200
00002200
00001220
00112000
00012000
00000000
00000000
00000000


Round: 12
00002200
00002200
00001220
00112000
00012000
00000000
00000000
00000000

Valid moves for 1:
2, 4
2, 5
3, 5
4, 5
5, 7
6, 6
7, 6

Player 1: 2, 5

After move by Player 1
00002200
00002200
00001220
00112000
00011000
00000100
00000000
00000000


Round: 13
00002200
00002200
00001220
00112000
00011000
00000100
00000000
00000000

Valid moves for 2:
2, 2
2, 4
3, 2
4, 1
5, 3

Player 2: 5, 3

After move by Player 2
00002200
00002200
00022220
00112000
00011000
00000100
00000000
00000000


Round: 14
00002200
00002200
00022220
00112000
00011000
00000100
00000000
00000000

Valid moves for 1:
4, 5
6, 3
6, 6
7, 6

Player 1: 6, 6

After move by Player 1
00002200
00002210
00022120
00111000
00011000
00000100
00000000
00000000


Round: 15
00002200
00002210
00022120
00111000
00011000
00000100
00000000
00000000

Valid moves for 2:
2, 3
2, 4
3, 1
3, 2
3, 5
4, 5
4, 6
5, 7
6, 7
7, 6

Player 2: 2, 3

After move by Player 2
00002200
00002210
00022120
00121000
00021000
00020100
00000000
00000000


Round: 16
00002200
00002210
00022120
00121000
00021000
00020100
00000000
00000000

Valid moves for 1:
1, 2
2, 2
2, 4
3, 2
4, 6
5, 2
5, 7
6, 2
6, 3
7, 3

Player 1: 2, 2

After move by Player 1
00002200
00002210
00022120
00121000
00011000
00120100
00000000
00000000


Round: 17
00002200
00002210
00022120
00121000
00011000
00120100
00000000
00000000

Valid moves for 2:
1, 6
2, 1
2, 4
3, 1
3, 5
4, 1
4, 5
4, 6
5, 7
6, 7
7, 6

Player 2: 2, 1

After move by Player 2
00002200
00002210
00022120
00121000
00011000
02220100
00000000
00000000


Round: 18
00002200
00002210
00022120
00121000
00011000
02220100
00000000
00000000

Valid moves for 1:
1, 1
1, 2
1, 3
4, 6
5, 2
5, 7
6, 2
6, 3
7, 3

Player 1: 1, 1

After move by Player 1
00002200
00002210
00022120
00121000
00011000
02120100
01000000
00000000


Round: 19
00002200
00002210
00022120
00121000
00011000
02120100
01000000
00000000

Valid moves for 2:
0, 1
1, 6
2, 4
3, 1
3, 5
4, 1
4, 5
4, 6
5, 7
6, 7
7, 6

Player 2: 2, 4

After move by Player 2
00002200
00002210
00022120
00122000
00012000
02122100
01000000
00000000


Round: 20
00002200
00002210
00022120
00122000
00012000
02122100
01000000
00000000

Valid moves for 1:
1, 3
1, 5
2, 0
3, 1
3, 5
4, 5
4, 6
5, 2
5, 7
6, 3
7, 3

Player 1: 4, 5

After move by Player 1
00002200
00002210
00022120
00111100
00012000
02122100
01000000
00000000


Round: 21
00002200
00002210
00022120
00111100
00012000
02122100
01000000
00000000

Valid moves for 2:
0, 1
1, 6
2, 6
3, 1
3, 2
3, 5
3, 6
4, 6
5, 1
5, 2
5, 7
6, 7
7, 6

Player 2: 2, 6

After move by Player 2
00002200
00002210
00022120
00111100
00012000
02122220
01000000
00000000


Round: 22
00002200
00002210
00022120
00111100
00012000
02122220
01000000
00000000

Valid moves for 1:
1, 2
1, 3
1, 4
1, 5
1, 6
2, 0
2, 7
3, 1
3, 5
4, 6
5, 2
5, 7
6, 2
6, 3
6, 7
7, 3
7, 6

Player 1: 6, 2

After move by Player 1
00002200
00102210
00012120
00111100
00012000
02122220
01000000
00000000


Round: 23
00002200
00102210
00012120
00111100
00012000
02122220
01000000
00000000

Valid moves for 2:
0, 1
3, 1
3, 2
3, 5
3, 6
4, 6
5, 1
5, 2
5, 7
6, 3
6, 7
7, 6

Player 2: 3, 1

After move by Player 2
00002200
00102210
00022120
00211100
02012000
02122220
01000000
00000000


Round: 24
00002200
00102210
00022120
00211100
02012000
02122220
01000000
00000000

Valid moves for 1:
1, 2
1, 3
1, 4
1, 5
1, 6
2, 0
2, 7
3, 5
4, 0
4, 1
4, 6
5, 1
5, 2
5, 7
6, 3
6, 7
7, 3
7, 6

Player 1: 2, 7

After move by Player 1
00002200
00102210
00022120
00211100
02012000
02111111
01000000
00000000


Round: 25
00002200
00102210
00022120
00211100
02012000
02111111
01000000
00000000

Valid moves for 2:
0, 1
1, 2
1, 3
1, 4
1, 5
1, 6
3, 2
3, 5
3, 6
4, 6
5, 2
5, 7
6, 7
7, 1
7, 6

Player 2: 1, 2

After move by Player 2
00002200
00102210
00022120
00211100
02012000
02121111
01200000
00000000


Round: 26
00002200
00102210
00022120
00211100
02012000
02121111
01200000
00000000

Valid moves for 1:
0, 1
0, 2
1, 3
2, 0
3, 5
4, 0
4, 1
4, 6
5, 1
5, 2
5, 7
6, 3
6, 7
7, 3
7, 6

Player 1: 4, 0

After move by Player 1
00002200
00102210
00022120
10211100
01012000
02121111
01200000
00000000


Round: 27
00002200
00102210
00022120
10211100
01012000
02121111
01200000
00000000

Valid moves for 2:
0, 1
1, 0
1, 4
1, 5
1, 6
2, 0
3, 2
3, 5
3, 6
4, 1
4, 6
5, 2
5, 7
6, 7
7, 1
7, 6

Player 2: 1, 4

After move by Player 2
00002200
00102210
00022120
10211100
01012000
02122111
01202000
00000000


Round: 28
00002200
00102210
00022120
10211100
01012000
02122111
01202000
00000000

Valid moves for 1:
0, 1
0, 2
0, 3
0, 4
1, 3
1, 5
2, 0
3, 5
4, 1
4, 6
5, 1
5, 2
5, 7
6, 3
6, 7
7, 3
7, 6

Player 1: 0, 2

After move by Player 1
00002200
00102210
00022120
10211100
01012000
02122111
01102000
00100000


Round: 29
00002200
00102210
00022120
10211100
01012000
02122111
01102000
00100000

Valid moves for 2:
0, 1
0, 3
1, 6
2, 0
3, 2
3, 5
3, 6
4, 1
4, 6
5, 2
5, 7
6, 7
7, 1
7, 6

Player 2: 0, 3

After move by Player 2
00002200
00102210
00022120
10211100
01012000
02122111
01202000
00120000


Round: 30
00002200
00102210
00022120
10211100
01012000
02122111
01202000
00120000

Valid moves for 1:
0, 1
0, 4
1, 3
1, 5
2, 0
3, 5
4, 1
4, 6
5, 1
5, 2
5, 7
6, 3
6, 7
7, 3
7, 6

Player 1: 2, 0

After move by Player 1
00002200
00102210
00022120
10211100
01012000
11122111
01202000
00120000


Round: 31
00002200
00102210
00022120
10211100
01012000
11122111
01202000
00120000

Valid moves for 2:
0, 1
1, 0
1, 6
3, 0
3, 2
3, 5
3, 6
4, 6
5, 2
5, 7
6, 7
7, 1
7, 6

Player 2: 0, 1

After move by Player 2
00002200
00102210
00022120
10211100
01012000
11122111
01202000
02220000


Round: 32
00002200
00102210
00022120
10211100
01012000
11122111
01202000
02220000

Valid moves for 1:
0, 4
1, 3
1, 5
3, 5
4, 1
4, 6
5, 1
5, 2
5, 7
6, 3
6, 7
7, 3
7, 6

Player 1: 0, 4

After move by Player 1
00002200
00102210
00022120
10211100
01011000
11121111
01201000
02221000


Round: 33
00002200
00102210
00022120
10211100
01011000
11121111
01201000
02221000

Valid moves for 2:
0, 5
1, 0
1, 5
3, 0
3, 2
3, 5
3, 6
4, 1
4, 6
5, 7
6, 7
7, 1
7, 6

Player 2: 0, 5

After move by Player 2
00002200
00102210
00022120
10211100
01011000
11121111
01202000
02222200


Round: 34
00002200
00102210
00022120
10211100
01011000
11121111
01202000
02222200

Valid moves for 1:
1, 3
4, 1
4, 6
5, 1
5, 2
5, 7
6, 3
6, 7
7, 3
7, 6

Player 1: 6, 3

After move by Player 1
00002200
00111110
00011120
10211100
01011000
11121111
01202000
02222200


Round: 35
00002200
00111110
00011120
10211100
01011000
11121111
01202000
02222200

Valid moves for 2:
1, 0
1, 5
3, 0
3, 2
3, 5
3, 6
4, 1
4, 6
5, 2
5, 7
7, 3
7, 6

Player 2: 1, 5

After move by Player 2
00002200
00111110
00011120
10211100
01021000
11122111
01202200
02222200


Round: 36
00002200
00111110
00011120
10211100
01021000
11122111
01202200
02222200

Valid moves for 1:
1, 3
3, 2
4, 1
4, 6
4, 7
5, 7
6, 7

Player 1: 3, 2

After move by Player 1
00002200
00111110
00011120
10211100
01111000
11122111
01202200
02222200


Round: 37
00002200
00111110
00011120
10211100
01111000
11122111
01202200
02222200

Valid moves for 2:
1, 0
3, 0
3, 5
3, 6
3, 7
4, 1
4, 6
5, 2
5, 7
7, 3
7, 6

Player 2: 3, 0

After move by Player 2
00002200
00111110
00011120
10211100
21111000
12122111
01202200
02222200


Round: 38
00002200
00111110
00011120
10211100
21111000
12122111
01202200
02222200

Valid moves for 1:
0, 6
1, 0
1, 3
4, 1
4, 6
4, 7
5, 1
5, 2
5, 7
6, 7

Player 1: 5, 1

After move by Player 1
00002200
00111110
01011120
10111100
21111000
12122111
01202200
02222200


Round: 39
00002200
00111110
01011120
10111100
21111000
12122111
01202200
02222200

Valid moves for 2:
1, 0
3, 5
3, 6
3, 7
4, 1
5, 0
5, 2
5, 7
6, 0
7, 3
7, 6

Player 2: 3, 5

After move by Player 2
00002200
00111210
01011220
10111200
22222200
12122211
01202200
02222200


Round: 40
00002200
00111210
01011220
10111200
22222200
12122211
01202200
02222200

Valid moves for 1:
0, 6
1, 0
1, 3
1, 6
3, 6
4, 1
4, 6
5, 7
7, 6

Player 1: 4, 6

After move by Player 1
00002200
00111210
01011110
10111110
22222200
12122211
01202200
02222200


Round: 41
00002200
00111210
01011110
10111110
22222200
12122211
01202200
02222200

Valid moves for 2:
0, 0
1, 0
1, 3
1, 7
3, 7
4, 7
5, 0
5, 2
5, 7
6, 0
6, 1
6, 7
7, 1
7, 3
7, 7

Player 2: 0, 0

After move by Player 2
00002200
00111210
01011110
10111110
22222200
12222211
02202200
22222200


Round: 42
00002200
00111210
01011110
10111110
22222200
12222211
02202200
22222200

Valid moves for 1:
0, 6
1, 0
1, 3
1, 6
7, 6

Player 1: 1, 0

After move by Player 1
00002200
00111210
01011110
10111110
22122200
11222211
12202200
22222200


Round: 43
00002200
00111210
01011110
10111110
22122200
11222211
12202200
22222200

Valid moves for 2:
1, 7
3, 7
4, 1
4, 7
5, 0
5, 2
5, 7
6, 0
6, 1
6, 7
7, 1
7, 3
7, 7

Player 2: 7, 7

After move by Player 2
00002202
00111220
01011210
10112110
22122200
11222211
12202200
22222200


Round: 44
00002202
00111220
01011210
10112110
22122200
11222211
12202200
22222200

Valid moves for 1:
0, 6
1, 3
1, 6
3, 6
4, 1
6, 7
7, 6

Player 1: 7, 6

After move by Player 1
00002212
00111110
01011210
10112110
22122200
11222211
12202200
22222200


Round: 45
00002212
00111110
01011210
10112110
22122200
11222211
12202200
22222200

Valid moves for 2:
1, 7
3, 7
4, 1
4, 7
5, 0
5, 2
5, 7
6, 0
6, 7
7, 1
7, 3

Player 2: 4, 1

After move by Player 2
00002212
00111110
01011210
12222110
22222200
11222211
12202200
22222200


Round: 46
00002212
00111110
01011210
12222110
22222200
11222211
12202200
22222200

Valid moves for 1:
0, 6
1, 3
7, 3

Player 1: 1, 3

After move by Player 1
00002212
00111110
01011210
12212110
21212100
11111211
11112200
22222200


Round: 47
00002212
00111110
01011210
12212110
21212100
11111211
11112200
22222200

Valid moves for 2:
1, 7
3, 6
3, 7
4, 7
5, 0
5, 2
5, 7
6, 0
6, 1
6, 7
7, 1
7, 3

Player 2: 5, 0

After move by Player 2
00002212
00111110
21011210
22212110
21212100
11111211
11112200
22222200


Round: 48
00002212
00111110
21011210
22212110
21212100
11111211
11112200
22222200

Valid moves for 1:
0, 6
1, 6
5, 2
6, 0
7, 3

Player 1: 5, 2

After move by Player 1
00002212
00111110
21111210
22112110
21112100
11111211
11112200
22222200


Round: 49
00002212
00111110
21111210
22112110
21112100
11111211
11112200
22222200

Valid moves for 2:
1, 7
3, 6
3, 7
4, 7
5, 7
6, 0
6, 1
6, 7
7, 1
7, 2
7, 3

Player 2: 3, 6

After move by Player 2
00002212
00111110
21111210
22112110
21112220
11111211
11112200
22222200


Round: 50
00002212
00111110
21111210
22112110
21112220
11111211
11112200
22222200

Valid moves for 1:
0, 6
1, 6
3, 7
6, 0
7, 3

Player 1: 3, 7

After move by Player 1
00002212
00111110
21111210
22112110
21111111
11111211
11112200
22222200


Round: 51
00002212
00111110
21111210
22112110
21111111
11111211
11112200
22222200

Valid moves for 2:
1, 7
4, 7
5, 7
6, 0
6, 1
6, 7
7, 1
7, 2
7, 3

Player 2: 4, 7

After move by Player 2
00002212
00111210
21111220
22112222
21111121
11111211
11112200
22222200


Round: 52
00002212
00111210
21111220
22112222
21111121
11111211
11112200
22222200

Valid moves for 1:
0, 6
1, 6
5, 7
6, 0
6, 7
7, 3

Player 1: 0, 6

After move by Player 1
00002212
00111210
21111220
22112222
21111121
11111211
11112100
22222210


Round: 53
00002212
00111210
21111220
22112222
21111121
11111211
11112100
22222210

Valid moves for 2:
0, 7
1, 6
1, 7
5, 7
6, 1
6, 7
7, 1
7, 2
7, 3

Player 2: 0, 7

After move by Player 2
00002212
00111210
21111220
22112222
21111121
11111211
11112100
22222222


Round: 54
00002212
00111210
21111220
22112222
21111121
11111211
11112100
22222222

Valid moves for 1:
1, 6
5, 7
6, 0
6, 7
7, 3

Player 1: 5, 7

After move by Player 1
00002212
00111210
21111111
22112211
21111121
11111211
11112100
22222222


Round: 55
00002212
00111210
21111111
22112211
21111121
11111211
11112100
22222222

Valid moves for 2:
1, 6
1, 7
6, 0
6, 1
6, 7
7, 1
7, 2
7, 3

Player 2: 1, 6

After move by Player 2
00002212
00111210
21111111
22112211
21111121
11111221
11112220
22222222


Round: 56
00002212
00111210
21111111
22112211
21111121
11111221
11112220
22222222

Valid moves for 1:
1, 7
6, 0
7, 3

Player 1: 6, 0

After move by Player 1
00002212
10111210
11111111
12112211
11111121
11111221
11112220
22222222


Round: 57
00002212
10111210
11111111
12112211
11111121
11111221
11112220
22222222

Valid moves for 2:
6, 1
6, 7
7, 0
7, 1
7, 2
7, 3

Player 2: 7, 0

After move by Player 2
20002212
20111210
21111111
22112211
21111121
21111221
21112220
22222222


Round: 58
20002212
20111210
21111111
22112211
21111121
21111221
21112220
22222222

Valid moves for 1:
1, 7
7, 3

Player 1: 1, 7

After move by Player 1
20002212
20111210
21111111
22112211
21111121
21111211
21111111
22222222


Round: 59
20002212
20111210
21111111
22112211
21111121
21111211
21111111
22222222

Valid moves for 2:
6, 1
6, 7
7, 1
7, 2
7, 3

Player 2: 7, 3

After move by Player 2
20022212
20221210
22121111
22122211
21121121
21121211
21121111
22222222


Round: 60
20022212
20221210
22121111
22122211
21121121
21121211
21121111
22222222

Valid moves for 1:
6, 1
7, 1
7, 2

Player 1: 7, 1

After move by Player 1
21022212
20121210
22111111
22121211
21121121
21121211
21121111
22222222


Round: 61
21022212
20121210
22111111
22121211
21121121
21121211
21121111
22222222

Valid moves for 2:
6, 1
6, 7
7, 2

Player 2: 7, 2

After move by Player 2
22222212
20221210
22211111
22221211
21221121
21221211
21221111
22222222


Round: 62
22222212
20221210
22211111
22221211
21221121
21221211
21221111
22222222

Valid moves for 1:
6, 1

Player 1: 6, 1

After move by Player 1
22222212
21111210
21111111
21211211
21221121
21221211
21221111
22222222


Round: 63
22222212
21111210
21111111
21211211
21221121
21221211
21221111
22222222

Valid moves for 2:
6, 7

Player 2: 6, 7

After move by Player 2
22222212
21111222
21111122
21211212
21221122
21221212
21221112
22222222


Round: 64
22222212
21111222
21111122
21211212
21221122
21221212
21221112
22222222

Valid moves for 1:

Player 1 can't move

Round: 64
22222212
21111222
21111122
21211212
21221122
21221212
21221112
22222222

Valid moves for 2:

Player 2 can't move

Black: 24
White: 40

